.Random.seed <-
c(10403L, 10L, -893625646L, -2137461916L, -1324147033L, 417269757L, 
652919284L, -877334822L, -389427163L, 1012964671L, -1002573114L, 
-1587404976L, 1726381939L, -1105395311L, 1787876288L, 1337767326L, 
727156585L, 604963739L, -941528406L, 315180236L, -1914143345L, 
-1573561915L, 1894456700L, 649930194L, -278748851L, -1048484857L, 
-403991570L, -965363000L, -1108085301L, -14634967L, 1737741944L, 
1061680038L, -280078911L, 383382099L, 828963074L, -1047793612L, 
-1860433481L, 211344813L, 707409604L, -1868490006L, 782916949L, 
670798575L, -447942410L, -40857568L, 641364451L, -1299213695L, 
2096463088L, -430525554L, -13890311L, 816363147L, 351684282L, 
1229736380L, -765969665L, -876347819L, -1415739028L, -764700222L, 
-622423523L, 523438743L, -853654530L, 1937809336L, -1096871013L, 
-868075015L, -883406520L, -1935674250L, 404070833L, 891523043L, 
-1303540558L, 1402978564L, -1990841785L, 805391645L, -2073756780L, 
521711418L, 804443013L, 782321759L, -489620762L, -825622160L, 
-702051693L, 1814180657L, 641626592L, 1845003902L, 1251175689L, 
-2030059717L, 969496330L, 814728940L, 168866671L, 1923564709L, 
-1079904676L, 1829273138L, 102292781L, 1508953063L, 1894427406L, 
-823669528L, -1730779413L, 320341897L, -1268075752L, -339278266L, 
937367201L, -165578445L, 968743074L, 2138232724L, -518687209L, 
-308698611L, 2135537444L, -1700007158L, 1578663541L, -708919857L, 
1784014550L, -1396774272L, -1039444797L, 554766945L, 84732624L, 
-438137810L, -709303847L, 1213201899L, 1728026714L, -1537566180L, 
-1226310881L, 1228353397L, -585730548L, 1891839970L, -1522051907L, 
-627780809L, 993639390L, -357172968L, -1900032901L, 431288857L, 
1443590824L, 1097635926L, -1238108975L, -2126049149L, -93576430L, 
661632676L, 1829921383L, 1023179709L, 515700020L, 1076383386L, 
1208704229L, -1037918593L, 570148870L, -6591600L, -280185293L, 
-782948911L, -575801472L, -1410536866L, -1190407767L, 16475L, 
-2031839126L, 1868888332L, 12784463L, 331665413L, -841978180L, 
-1578080366L, 1154192525L, 1893454535L, -1673673810L, 712990216L, 
-1485680117L, -1010957591L, 1178316216L, -638006682L, 1218705153L, 
-1706753645L, 645175874L, -407015948L, 1492850679L, -2028074003L, 
-1275026300L, -1098253654L, 606892053L, -723339089L, -2060757322L, 
1552819424L, -511154141L, -853674175L, 2119793200L, -1171855282L, 
-189392711L, -1415787317L, 1481380218L, -1962767236L, -891328321L, 
1279073685L, 598531500L, 575059842L, -38363811L, 13472855L, -1764822210L, 
2034981752L, 548214875L, 1945149369L, 1970675208L, -946238282L, 
-541975567L, 1504929315L, 362813042L, 1958071492L, 1982564999L, 
336134749L, 1991705684L, -138047878L, 1717710277L, 1401098015L, 
1116961446L, -1906918352L, -27025709L, 1049165041L, -754575328L, 
-1778303298L, -1878746423L, 102330491L, 397831754L, 1061526188L, 
174919087L, -1053573787L, -1373361380L, -1375219854L, 172254189L, 
706192423L, 2049752142L, -422444888L, 1856122539L, -2072294455L, 
-1419974696L, -803967354L, 671709025L, 228403955L, -1681394334L, 
-1850342444L, 1771906775L, 211118384L, -467313500L, 1847282360L, 
667579226L, -1339845232L, -802569860L, 909243668L, 357773634L, 
1469397760L, -1063068740L, -1448647856L, -36054750L, -271712952L, 
676136972L, -224919460L, 1363553490L, 1285769216L, 324402004L, 
725150184L, -593616902L, -1911234864L, 1674245420L, 837243124L, 
-128485486L, 1038228576L, -235016948L, 412909280L, -410362526L, 
-1565740376L, 1036970572L, 776095612L, 1284406066L, -82598288L, 
-1489253052L, 599481304L, 26419322L, -8931792L, -210480452L, 
-1183865004L, 1978356290L, 765744032L, -1184386884L, -1743009328L, 
-2001521310L, -1157219352L, -176898100L, 2130810620L, 6447090L, 
-2077234048L, 486144244L, 110564488L, -1051531974L, 1116971856L, 
-194999188L, 524685460L, 1889941842L, 905348832L, 1341784268L, 
1613312160L, -113135230L, 946696424L, -262283028L, -1777516484L, 
682049650L, 439396464L, 1951750692L, 308298296L, 1710576154L, 
75200720L, 668341820L, -1022421868L, 1255515266L, 895332288L, 
-1658170052L, 1813538448L, 1942699042L, -850475000L, 1714828428L, 
-183089124L, -1556544366L, -1282065280L, 367246356L, -1509092568L, 
384420922L, 2128297168L, 859688044L, -2105739596L, 1993449490L, 
-170786848L, -1833798708L, 1264334304L, 657374242L, 2120545576L, 
-439721716L, -1198268868L, -1324133134L, -1644750608L, 554305348L, 
1647575128L, -1266648518L, -408753936L, -551652676L, -1934241260L, 
-942502718L, -2089769376L, -1227442820L, 158551248L, 75963426L, 
-1709078360L, -1891549812L, 705440188L, 126310450L, -2046362816L, 
-1502116172L, 181612872L, 1461232314L, 537515792L, 350259436L, 
1532598356L, -149786862L, -358186592L, -1263513652L, 1543984992L, 
1671722178L, -738992600L, 997951916L, 761680700L, -190008462L, 
730994480L, 273246244L, -168395208L, 120935130L, -2027739248L, 
194899196L, -1390684780L, -1776282814L, -863548928L, -1512036292L, 
211085904L, -1285914462L, 868488008L, -173940212L, 1433318108L, 
1885136978L, 1227369600L, 470249300L, -764248088L, 591723258L, 
1460191056L, -1510960084L, -383585932L, 1426781842L, 244456032L, 
336189580L, 775457120L, -740103966L, -1553472344L, -2089558324L, 
-1212323332L, -1804061774L, -875430928L, -1275221564L, -940561064L, 
-833611398L, 1342544304L, -1619861060L, -1397879212L, -207177278L, 
2060929824L, 1351277500L, 416608336L, -549706782L, -1227405464L, 
-783261876L, 1642270460L, -1533931790L, -1851536128L, -42376076L, 
132050440L, 1974566330L, -1394735664L, 1035939820L, 1152682900L, 
1505833170L, 406404192L, 165639500L, -493876448L, 353860226L, 
-1074847256L, -661855252L, 1821447740L, 587316850L, -500370576L, 
2055687460L, -1614194120L, 654152090L, -1566718512L, -1032559172L, 
-883800428L, 62882434L, -1160735296L, -760795332L, 1671262864L, 
638609186L, 134206984L, -87194868L, 172743580L, 1064535058L, 
-1815686272L, 1101499156L, -188533464L, -57438150L, 534623184L, 
-1640080788L, -1937753036L, 609392786L, -1927298720L, -1147622068L, 
-634434080L, -687459422L, 1096125352L, -579449716L, -463993924L, 
642104434L, 1884903408L, -488762300L, -1148667816L, 1553843655L, 
161472688L, 1679646414L, -727931909L, -1462000547L, 1110784906L, 
1193085864L, -454555375L, 699056131L, 173294340L, -77824206L, 
725212551L, -1389313071L, -1898685098L, -2070277324L, -1505538491L, 
1805965967L, -62008312L, 1775501350L, 1290928339L, -594398667L, 
-432402030L, 308368736L, 1735474377L, 1812709371L, 1911865292L, 
1501647450L, 853454671L, -90776039L, -1371972562L, 1712308796L, 
-829341779L, -423233449L, 1537940896L, 1536741118L, -1062416949L, 
-285910067L, 1939312378L, -1681070792L, -446411039L, 1548198291L, 
1499957684L, -1128916286L, 339765975L, -1101554911L, 1680669414L, 
1145469924L, -1781400811L, -2111741121L, -481982760L, 2057863926L, 
1213709571L, 2051937861L, 767110754L, 1198794192L, -880569607L, 
906944555L, -1491128420L, 198950858L, 832977087L, 1141451273L, 
646865694L, -1857844532L, -1795603811L, 630787879L, -1829994160L, 
2102800366L, -1023266661L, 1267972861L, -273522198L, -1034990968L, 
-1330389967L, 2098015907L, 72238756L, 310937426L, -33673561L, 
-1833250063L, -370165194L, -787884332L, 488372837L, -1567352721L, 
-581780824L, -1336899578L, -890903245L, 1687071125L, -296258062L, 
-1001928128L, -1817893975L, -2069610981L, 328980460L, 517111802L, 
-118971345L, 1686541369L, 1535395406L, -666618212L, 1145998349L, 
-482766729L, -388261760L, 1449041630L, 746288555L, -677951827L, 
1159895834L, -1639611432L, 1858003009L, -1088352525L, 878211348L, 
438502562L, -823762505L, -1571740287L, 241644422L, 301531588L, 
-1067947787L, -500324001L, 1149526968L, 732022422L, -644558685L, 
905140837L, -307294334L, 1976861936L, 1610783897L, -494193525L, 
2118172028L, 127601578L, -753251361L, -1347182231L, -416412290L, 
1446153580L, 489952701L, 1627592327L, -1649773968L, -1759880946L, 
-2106407365L, -1823042275L, -599031862L, -24852248L, 659377105L, 
-1573638717L, 358180548L, 1728900466L, 40779847L, 160908305L, 
1798055318L, 291125492L, -93654395L, 1223769039L, -581274936L, 
-1847995546L, -293197421L, 1204822773L, 1743043282L, -1590614752L, 
