.Random.seed <-
c(10403L, 10L, 1091375426L, 640454301L, -1788507369L, -517244290L, 
657107512L, 1038052635L, -1309123975L, 1058068168L, 961834742L, 
1769465649L, 1424359267L, 2032129330L, 860399236L, 1182593735L, 
77435293L, 1529189652L, -2141996102L, -1061597691L, -91721761L, 
-1854011802L, 285716976L, 1675845395L, 1855185073L, -981916832L, 
-1856245506L, -29196151L, 372101051L, 1656142218L, 679839852L, 
1947396591L, 243081765L, 647689948L, -1104122702L, 1412652973L, 
1530889063L, 13238414L, 1019649384L, -1657455253L, -2029940983L, 
34496920L, 1036511430L, 1950071329L, 1818985139L, -417279966L, 
1142213140L, 1230245527L, -1855659891L, 538006948L, 98260874L, 
-336931851L, -550659505L, 1804606806L, -822913024L, -1105524413L, 
-981744415L, -1580196272L, 1920238254L, 515704409L, 1016155755L, 
1614472154L, -1224461156L, -290005345L, 2093610229L, 1861399948L, 
-1973653406L, 384983101L, 1980455607L, -1855340194L, 794257560L, 
-155569157L, 1089798553L, 648954408L, 238105302L, -683198639L, 
2067921411L, -1139511918L, 2060909348L, 431103463L, 2035219005L, 
-1728834380L, 1953141530L, -42125211L, -212406017L, -1174830714L, 
-417597680L, -838904909L, 132223057L, -1284037632L, 911877342L, 
1576867625L, 1827351259L, -1389968918L, -809408116L, -1791471921L, 
1763177093L, -902231748L, 247723026L, -1274455283L, 334530631L, 
-749311442L, 1533170568L, 1556807307L, -1910034327L, 1370561592L, 
-697602842L, 281384065L, 682411027L, -966814782L, -245379980L, 
309281399L, 794499949L, 1166777348L, 615552810L, 519201941L, 
-1715203281L, 1790657078L, 1581438560L, -1455520605L, -282816575L, 
-2093511760L, 1730506446L, -33207239L, -1133325749L, -1964111878L, 
885392124L, -1863153857L, -1513347051L, -134243540L, 961081346L, 
-1450911011L, 1200718295L, -714355522L, 392316664L, 2094462171L, 
-334796999L, -415362424L, 150337078L, -61626767L, -1606921053L, 
-1000808974L, -1300878012L, -723677689L, 1179118557L, 810026196L, 
-1460118534L, -1881003195L, -1215828065L, 171435302L, 1093152176L, 
-1828690349L, -533126799L, 421136544L, 911243326L, 706875209L, 
1583199739L, -545670710L, -2019084500L, -270743761L, -1236253211L, 
382650524L, 1658158322L, 1674524013L, 959722151L, -659481394L, 
-2095566296L, -1952275925L, 1941817417L, 652556632L, -112295930L, 
527569377L, -1105077389L, -2042499102L, 1535059796L, 192752215L, 
594405965L, -82358812L, 1726719946L, 905243189L, -1421578097L, 
-50302570L, -1795822272L, -998924285L, -1017077215L, 881501456L, 
-1352471826L, -557918567L, 1524291371L, -1274047974L, 606433500L, 
-1189745441L, -173466955L, 1874922572L, 1716654242L, -706260995L, 
-1781879561L, -1135224290L, -798444328L, 1416882235L, 1298649561L, 
447661928L, 1303857814L, -1392364527L, -1970838077L, -250041902L, 
295673956L, 1025597351L, 112537853L, -1522424588L, 649626586L, 
1644394277L, -7455169L, -1933974074L, 1230701136L, 1975590515L, 
-667528559L, 1531349696L, 215739550L, 464339049L, 1197948059L, 
216757674L, -1456261684L, 1683781775L, 2070689989L, 1550219388L, 
1385903314L, 1548749901L, -612188921L, 917949548L, -134394476L, 
-1044403118L, 366426592L, 401093836L, -1475841888L, -1448597118L, 
-464258840L, 1978966764L, -481979076L, 1881197682L, -930765712L, 
29305892L, -208641992L, 1846995738L, -1554129712L, -43328708L, 
1223616404L, -1405702270L, 781678016L, 204964412L, -1125303920L, 
741030434L, 935521544L, -1950827892L, 2054575900L, 2009739410L, 
-698654336L, 1733870100L, -697375960L, 175760954L, -965223984L, 
-605923988L, -1122143308L, 983014418L, -982674976L, 1113842636L, 
346370272L, -1908348894L, -104784600L, 1980249612L, -809721028L, 
235394034L, 473317104L, 2133936708L, -729321896L, -859696326L, 
-1781427728L, 992001724L, 287644948L, -1723179326L, -667410336L, 
-648239236L, 1081564112L, -924295902L, 253535912L, 385387404L, 
-301351748L, 1052960562L, -54300096L, -720791372L, 359041608L, 
864189882L, -381750768L, -1848140052L, -1757156012L, 1143239954L, 
1287190944L, 426401484L, 782780000L, 1129182146L, -1369095384L, 
1437367212L, 1835437884L, 1052671346L, 737013552L, 333821220L, 
-1481516232L, 912457434L, 647627664L, 534600444L, 1160172436L, 
-170323902L, 1353490688L, -327068612L, 1555957072L, 1308319906L, 
213769544L, 1186151180L, -1511292196L, 517620050L, 1807507584L, 
-1957524396L, 516160488L, 1626739962L, 1512619856L, 1540820780L, 
1087159668L, 579592082L, 827260000L, 521639308L, -693925024L, 
-811325982L, -81599576L, -1814142772L, -972030980L, 212210098L, 
544218608L, -1093451836L, -2071404200L, 356365690L, -1247494224L, 
1848219068L, -1010539436L, -1668872254L, -2147010528L, 1050593468L, 
747099728L, -901877790L, 1848997992L, 1401151564L, 169035004L, 
-713058318L, 33721600L, 1344140660L, 1858414600L, -404753478L, 
1766516176L, 500281324L, 135433620L, 386472402L, 1837990240L, 
458845004L, -1615333088L, -832522366L, 614205160L, 557240556L, 
1682061372L, -1222480014L, 227339888L, -991405020L, 936875832L, 
115672218L, -1633189168L, -1875654468L, 842000020L, -1056272766L, 
-1384290112L, 1950900028L, 1552941200L, -1855568350L, -924496888L, 
203435276L, -1504478052L, 976126482L, 74617728L, -1577658860L, 
267208232L, -629330630L, -1740032560L, 1351639148L, -1699842764L, 
1067893394L, 732669792L, -446603444L, 1971634144L, 1602415522L, 
-123716696L, -1002628724L, -342010692L, -1046978190L, 795189488L, 
1202511940L, -810046120L, 1245782586L, 1704882032L, 1334893628L, 
-1780507884L, -12667454L, 1135159008L, -907644036L, 2022167248L, 
-1529600862L, -1855633368L, -846161652L, 2019369916L, 2100663602L, 
1309348288L, 105173556L, 1077962696L, -1747741510L, -710919792L, 
437658092L, 646286932L, -2051224430L, 2001222432L, -1301007924L, 
-975712800L, 128900802L, -1538916312L, 29699756L, 518107324L, 
-1896729102L, 2133110064L, 1728533668L, -1786752328L, 1743063386L, 
1167831440L, 57425788L, -291587820L, -1600553150L, 14589696L, 
683320252L, -1810232496L, -1093636318L, -679852728L, 671286796L, 
-1299533732L, 980048082L, -470170112L, -2126247596L, -814483992L, 
1579906042L, -2126070576L, 1146726700L, -1132144908L, -1429449326L, 
-1993691934L, -1276298928L, 1399351417L, 436382635L, -698453732L, 
-798755254L, 444494399L, -175438199L, -487345506L, -1927516340L, 
-2095233251L, -1260591449L, -972952112L, -1097648786L, -615978981L, 
-13432451L, 522555242L, 190355976L, 1310826161L, 1566046499L, 
-1878758876L, -266174254L, -48088793L, 1151038321L, 1492713910L, 
1200159060L, -1395542043L, -863714833L, -1091016408L, -1115520634L, 
-594899533L, -1268821739L, 1086743410L, -94613568L, -128163799L, 
-161661797L, -1087473300L, 1840132474L, 1765229231L, -1548625479L, 
-2049358898L, -1421968612L, -286272883L, 1873140471L, -768537088L, 
-1061935010L, 1483326251L, -1923346387L, -1192347494L, 1767582808L, 
1452850113L, -516467597L, 1845755284L, 1039500322L, 1459516215L, 
1866683905L, -1287293178L, -261469372L, -2041086347L, -1286799393L, 
29709112L, 780924182L, -426899165L, -1959677211L, 1168595714L, 
-1948700304L, -1132930791L, 505321739L, -1028785668L, 894734890L, 
-1899855265L, -122822167L, -1660163330L, 35193580L, -157363651L, 
1302458887L, -1354025488L, -1591650930L, -924988485L, 1139099037L, 
-984405174L, 1761767272L, 416383313L, 1462915651L, 711972676L, 
857758706L, -541994553L, 319915921L, -1480503530L, -1627874444L, 
-1483480571L, 505377359L, 1543745096L, 36835302L, -758284013L, 
203927157L, -37018542L, 734391968L, -133264503L, 55334843L, -592996340L, 
-766544486L, 1863873807L, -1102152871L, 1048405486L, -1649155972L, 
-886496019L, 968749975L, 1790028896L, -1043345858L, -1963317493L, 
-1359700595L, -469457222L, -1018018568L, 2097369761L, -700698029L, 
-1328263820L, 1565123330L, 51446679L, 1023386977L, -63035994L, 
829118372L, 118346325L, 660906751L, -1705629800L, 1440802998L, 
1981136195L, 1081678981L, -549067486L, 1198140944L, -378729031L, 
379326059L, -1039154852L, -1305446262L, 1336569983L, 1316266441L, 
-338304418L, 1340520716L, 1615871197L, 887732711L, 1859133968L, 
1884602158L, -1966373925L, -961833795L, 2080704042L, 1066515144L, 
276733937L, -321728157L, -762904220L, 875455634L, 1742920039L, 
